311
923
430
185
905
980
439
111
258
409
595
262
603
711
222
117
297
319
424
508
86
262
801
29
929
730
489
579
237
459
963
547
521
232
489
624
679
396
367
988
38
885
913
796
99
262
335
680
137
721
107
654
494
779
715
904
891
334
699
198
31
744
500
480
905
610
618
859
805
577
183
240
887
29
490
168
979
713
500
471
60
682
42
71
522
97
818
818
722
150
660
519
973
649
800
454
432
825
83
133
173
391
831
803
60
399
527
417
657
628
292
432
15
984
167
106
372
198
490
339
952
920
53
738
269
423
548
943
418
983
301
701
666
539
698
667
178
128
999
171
33
561
882
669
190
369
461
982
156
856
645
376
191
428
482
121
590
226
385
583
252
290
617
265
824
983
730
344
584
108
906
880
818
261
594
23
425
313
161
179
423
94
599
471
696
700
639
34
69
320
531
654
408
820
718
969
531
325
106
611
779
423
91
266
154
281
440
527
457
875
518
944
638
958
241
676
289
672
695
68
255
224
668
844
344
781
675
7
602
387
916
1
462
424
461
770
322
785
471
36
176
722
473
153
341
607
192
738
243
917
269
766
189
287
91
576
683
547
426
644
648
679
636
945
209
709
236
119
607
450
459
662
770
350
662
416
842
833
256
613
582
541
870
265
318
119
940
646
479
639
545
647
544
721
522
994
219
106
110
64
405
448
366
764
628
772
933
973
192
139
696
94
525
530
861
485
393
671
741
520
348
150
586
262
44
755
243
442
688
359
736
395
683
704
442
20
331
424
270
197
822
430
888
391
769
397
809
755
377
216
790
949
328
671
439
834
769
167
862
990
514
884
588
155
200
407
749
826
790
319
534
90
112
136
679
495
190
495
148
55
851
561
930
697
583
815
879
989
1
865
613
990
528
480
801
228
498
901
575
845
739
586
247
666
83
626
661
730
891
982
769
581
928
580
17
121
863
484
845
209
552
630
32
615
362
50
490
193
123
205
147
189
43
635
282
539
695
499
536
445
124
490
853
874
270
208
565
640
417
206
948
82
106
142
166
621
574
52
931
729
738
63
860
934
984
859
786
513
178
399
134
31
939
301
296
333
467
648
25
842
559
854
348
446
54
177
663
331
898
118
988
540
707
999
288
415
465
764
818
100
178
360
57
522
336
176
209
905
675
468
912
104
746
736
562
184
597
300
134
213
895
71
242
54
442
13
897
197
93
307
456
102
995
332
297
62
298
46
505
761
631
90
81
777
905
534
109
826
338
294
746
10
48
668
603
526
730
707
781
288
693
557
397
62
780
338
608
741
105
128
550
485
890
799
734
51
73
89
798
943
684
132
723
110
117
641
329
654
749
583
740
235
735
971
867
86
366
369
685
598
789
368
206
87
772
206
388
552
229
642
484
152
782
101
294
237
531
91
405
105
112
784
292
604
964
432
695
758
433
655
110
934
187
266
798
488
769
396
273
37
673
430
452
610
59
316
773
696
125
130
92
8
423
656
723
531
109
632
126
134
99
142
168
196
317
316
218
251
893
703
556
184
212
77
914
707
558
313
166
622
988
170
258
397
74
684
402
983
402
621
154
381
161
758
871
351
686
294
531
832
597
335
299
453
423
360
558
743
424
429
125
24
290
318
654
957
936
458
240
764
759
741
744
106
682
463
212
99
824
175
164
666
894
517
703
154
953
541
680
37
809
749
120
525
326
546
399
415
181
255
21
924
654
933
164
921
795
577
440
258
752
229
64
767
671
715
642
419
391
816
317
815
789
852
506
636
951
444
60
867
631
355
997
224
652
605
387
142
25
421
184
726
370
842
734
571
177
957
265
925
224
374
88
640
181
45
723
347
661
384
627
22
911
801
746
813
383
617
575
530
275
249
452
228
804
986
30
536
87
802
989
67
939
18
684
784
534
885
899
626
138
218
182
42
107
616
940
354
411
984
946
677
988
767
337
662
244
296
680
528
412
603
751
584
552
584
512
83
720
996
355
971
346
887
455
413
218
126
309
726
783
694
10
843
922
771
43
378
704
730
224
269
673
477
624
236
177
830
767
934
108
182
99
490
193
896
99
44
557
772
312
179
339
210
510
906
629
102
391
55
501
432
998
812
486
894
138
390
927
917
714
618
343
936
125
731
646
833
398
750
835
322
552
979
549
330
619
361
757
414
492
695
973
328
838
739
954
32
357
663
282
230
711
625
591
660
48
349
451
241
715
856
282
731
138
837
139
588
366
807
504
490
877
353
449
964
42
973
189
667
586
675
361
620
811
19
84
975
651
231
